Latitudes: [-33.45528, -33.63583, -33.72833, -33.61528, -33.545, -34.66083, -34.19833, -35.83694, -36.90361, -36.82805, -36.07555, -36.50556, -36.70694, -37.45694, -37.79583, -38.76778, -38.93444, -38.83778, -38.22889, -39.79944, -39.19, -40.59056, -40.86667, -41.4475, -41.86611, -42.78528, -43.13361, -45.39944, -45.59083, -51.66722, -51.21667]
Longitudes: [-70.54861, -78.83305, -70.49667, -70.35055, -70.54833, -71.73528, -70.57917, -71.59278, -71.41, -71.86694, -71.75805, -72.21944, -72.52778, -72.275, -72.68444, -72.63194, -72.65333, -72.69444, -72.34333, -73.25833, -72.11222, -73.11222, -73.02361, -73.09583, -73.81639, -72.835, -73.63278, -72.67722, -72.10222, -72.52889, -72.97028]
